,D006262,D008881
D006262,759,411
D008881,346,824
